MinMax: depth = 2
scores: [5788, 7184, 7108, 3168, 7076, 1472, 3792, 13152, 7196, 11048]
highest tile: [512, 512, 512, 256, 512, 128, 256, 1024, 512, 1024]
game_durations: [41.20019578933716, 46.09929656982422, 49.93491744995117, 33.133066177368164, 46.1064567565918, 20.560405254364014, 35.37294006347656, 65.84154391288757, 50.33560609817505, 62.53538155555725]

Alpha-beta: depth = 2
scores: [7068, 3036, 12264, 7068, 12180, 4740, 2496, 7300, 7852, 5496]
highest tile: [512, 256, 1024, 512, 1024, 512, 256, 512, 512, 512]
game_durations: [18.974141359329224, 12.293430805206299, 26.801817417144775, 17.316739559173584, 25.269635915756226, 14.868679761886597, 10.531228303909302, 19.80898952484131, 21.024152755737305, 18.767671823501587]

Expectimax: depth = 2
try 1
scores: [5532, 6604, 6668, 7204, 7424, 7228, 14184, 6280, 16104, 2432]
highest tile: [512, 512, 512, 512, 512, 512, 1024, 512, 1024, 256]
game_durations: [57.80498766899109, 49.665862798690796, 52.571871280670166, 51.415714263916016, 57.69505977630615, 54.2141900062561, 82.60990190505981, 56.413564920425415, 86.55977010726929, 31.014503002166748]

try 2
scores: [6612, 11168, 1368, 14588, 6428, 7828, 7372, 16180, 3108, 6360]
highest tile: [512, 1024, 128, 1024, 512, 512, 512, 1024, 256, 512]
game_durations: [46.564748764038086, 66.08830213546753, 24.43484115600586, 76.44286870956421, 55.00938653945923, 55.78878164291382, 55.59553575515747, 77.27678442001343, 37.652212619781494, 46.668363094329834]

better evaluation alpha-beta: depth = 2
scores: [11516, 15460, 6940, 6420, 7244]
highest tile: [1024, 1024, 512, 512, 512]
game_durations: [47.685420751571655, 47.603302240371704, 36.05064392089844, 39.01045894622803, 34.63111615180969]

better evaluation expectimax: depth = 2
scores: [7240, 7152, 15804, 16244, 7944]
highest tile: [512, 512, 1024, 1024, 512]
game_durations: [99.4392409324646, 89.93068599700928, 137.8494791984558, 136.740394115448, 92.61436343193054]
